 16 225
1 3 11 13 91 93 101 103 2 6 7 8 12 46 47 48 51 52 53 56 57 58 92 96 97 98 102
3 5 13 15 93 95 103 105 4 8 9 10 14 48 49 50 53 54 55 58 59 60 94 98 99 100 104
11 13 21 23 101 103 111 113 12 16 17 18 22 56 57 58 61 62 63 66 67 68 102 106 107 108 112
13 15 23 25 103 105 113 115 14 18 19 20 24 58 59 60 63 64 65 68 69 70 104 108 109 110 114
21 23 31 33 111 113 121 123 22 26 27 28 32 66 67 68 71 72 73 76 77 78 112 116 117 118 122
23 25 33 35 113 115 123 125 24 28 29 30 34 68 69 70 73 74 75 78 79 80 114 118 119 120 124
31 33 41 43 121 123 131 133 32 36 37 38 42 76 77 78 81 82 83 86 87 88 122 126 127 128 132
33 35 43 45 123 125 133 135 34 38 39 40 44 78 79 80 83 84 85 88 89 90 124 128 129 130 134
91 93 101 103 181 183 191 193 92 96 97 98 102 136 137 138 141 142 143 146 147 148 182 186 187 188 192
93 95 103 105 183 185 193 195 94 98 99 100 104 138 139 140 143 144 145 148 149 150 184 188 189 190 194
101 103 111 113 191 193 201 203 102 106 107 108 112 146 147 148 151 152 153 156 157 158 192 196 197 198 202
103 105 113 115 193 195 203 205 104 108 109 110 114 148 149 150 153 154 155 158 159 160 194 198 199 200 204
111 113 121 123 201 203 211 213 112 116 117 118 122 156 157 158 161 162 163 166 167 168 202 206 207 208 212
113 115 123 125 203 205 213 215 114 118 119 120 124 158 159 160 163 164 165 168 169 170 204 208 209 210 214
121 123 131 133 211 213 221 223 122 126 127 128 132 166 167 168 171 172 173 176 177 178 212 216 217 218 222
123 125 133 135 213 215 223 225 124 128 129 130 134 168 169 170 173 174 175 178 179 180 214 218 219 220 224
