 16 45
1 2 4 5 16 17 19 20
2 3 5 6 17 18 20 21
4 5 7 8 19 20 22 23
5 6 8 9 20 21 23 24
7 8 10 11 22 23 25 26
8 9 11 12 23 24 26 27
10 11 13 14 25 26 28 29
11 12 14 15 26 27 29 30
16 17 19 20 31 32 34 35
17 18 20 21 32 33 35 36
19 20 22 23 34 35 37 38
20 21 23 24 35 36 38 39
22 23 25 26 37 38 40 41
23 24 26 27 38 39 41 42
25 26 28 29 40 41 43 44
26 27 29 30 41 42 44 45
